485
39
216
12
307
260
542
123
184
27
274
466
641
21
490
344
43
411
353
473
83
278
59
31
493
28
244
506
57
11
401
193
230
633
175
209
180
95
258
6
148
70
191
52
88
295
244
143
45
76
271
108
102
131
47
489
196
123
91
265
199
64
558
200
100
464
69
227
316
4
77
330
379
132
688
62
667
8
301
101
91
224
646
72
549
16
77
71
105
271
401
162
292
434
20
155
24
127
402
345
94
113
20
44
219
1030
164
458
38
60
252
119
76
146
111
82
24
58
19
510
124
156
414
110
6
162
595
186
22
140
229
91
420
2
27
71
281
196
29
26
39
562
363
510
71
95
351
148
710
63
139
43
18
263
271
384
60
432
385
215
108
67
150
874
541
484
236
123
129
426
16
257
235
845
181
281
518
161
157
56
532
582
471
95
5
6
39
514
175
336
1
157
27
935
56
65
7
56
35
231
140
381
30
58
16
142
82
213
22
17
141
460
75
111
5
159
84
153
682
231
21
205
169
118
533
148
89
305
223
21
234
140
55
367
284
388
406
299
129
196
1
151
234
65
374
426
43
640
356
23
74
238
5
219
289
146
27
759
492
99
262
262
130
253
397
25
510
243
452
249
61
78
5
348
252
372
112
21
163
585
207
143
109
187
25
101
67
358
39
310
93
141
379
72
922
265
87
37
25
699
209
421
8
430
203
202
19
517
26
169
123
358
606
522
331
254
369
16
331
246
15
53
234
236
68
145
208
252
206
457
211
99
308
6
12
140
7
54
185
85
42
31
27
45
126
38
221
45
18
105
227
154
45
512
103
13
295
295
47
149
132
212
286
256
241
571
1262
77
732
136
257
326
358
277
123
1339
67
168
185
90
5
252
147
183
143
641
227
1
37
109
91
38
51
60
519
80
314
30
121
553
533
61
337
50
81
10
214
103
625
108
336
876
6
650
152
168
33
447
113
207
62
94
164
112
232
617
344
126
42
127
493
34
13
40
304
34
73
204
730
279
165
5
291
962
51
197
286
81
151
20
21
191
43
475
98
42
74
651
969
101
379
193
621
27
37
455
141
340
121
181
76
34
39
6
27
19
192
382
305
155
820
41
89
9
25
206
290
33
486
137
606
273
524
88
196
254
89
191
43
30
403
679
232
509
141
49
41
100
482
176
708
155
4
202
94
936
22
27
86
32
501
421
507
185
574
24
113
216
9
194
159
151
94
323
152
279
101
6
176
89
155
7
11
69
45
11
113
212
71
410
338
87
411
62
372
18
127
425
208
4
40
122
11
62
189
26
214
48
74
106
60
53
3
151
47
398
299
475
268
27
243
12
116
257
18
4
608
142
21
105
787
91
29
47
53
309
765
41
119
59
353
166
119
96
250
450
262
86
510
717
37
12
119
5
59
81
59
34
83
367
175
19
417
429
120
82
121
185
418
345
45
93
128
43
184
535
165
31
133
62
33
458
617
273
52
77
105
262
5
143
468
324
2
320
29
220
77
67
132
625
204
553
116
275
163
10
171
316
95
346
163
125
206
126
123
42
22
188
653
314
811
287
685
118
6
31
186
2
484
150
562
625
35
295
76
136
115
334
121
365
73
23
177
62
36
7
948
324
5
90
141
695
40
543
682
713
82
192
124
162
78
106
277
34
243
48
83
128
212
122
97
197
298
275
298
525
488
197
39
85
54
122
3
878
488
187
379
86
12
13
156
150
31
30
211
571
97
114
1013
279
46
114
24
11
201
58
69
171
39
270
285
10
46
123
440
316
382
70
46
114
3
224
24
8
598
390
88
227
199
251
286
1
104
61
258
119
68
1487
75
209
267
520
811
329
21
348
16
214
379
492
272
428
473
12
187
43
12
47
219
76
269
44
43
34
130
160
362
205
386
230
461
788
616
597
150
46
120
175
103
97
169
266
114
433
407
527
355
223
178
123
142
419
161
164
124
66
293
176
25
309
168
213
47
112
418
328
80
95
166
136
553
48
15
87
189
11
202
125
31
306
32
102
99
764
39
13
132
101
254
179
521
507
147
135
193
69
39
542
168
304
78
23
144
21
5
1
237
334
2
423
285
45
282
223
463
51
138
87
66
271
74
19
176
84
263
66
67
122
19
17
9
102
29
162
28
20
596
28
149
467
67
118
86
13
206
27
369
213
70
138
84
234
124
220
192
146
191
1012
26
66
180
188
41
497
126
21
61
281
396
77
199
49
35
395
70
204
30
117
1024
228
289
55
134
56
188
28
140
240
91
216
235
576
97
39
20
360
24
75
397
