0
0
0
0
0
0
0
15232
43157
69548
93885
124135
153515
175174
189350
201644
215000
226695
237010
242667
247339
248521
248881
248468
246147
241487
236761
230453
226238
219737
212582
206811
200479
193333
187145
181494
174169
167915
161090
155236
149931
144391
138347
133875
128562
123708
118785
113741
108935
104664
101086
96451
93155
89489
86019
82753
78667
76212
72508
70313
67016
64280
61780
59317
56782
54658
52474
50374
48671
46108
44488
42544
40808
39860
37864
36243
34837
33359
31631
30790
29829
28317
27023
25795
25021
23809
22999
22245
21298
20507
19698
18922
17966
17078
16646
15920
15419
14753
14325
13342
13029
12497
12063
11569
10992
10643
10020
9638
9334
8937
8734
8302
8001
7612
7232
6936
6705
6495
6242
5829
5675
5527
5105
5018
4911
4639
4379
4343
4117
4104
3745
3678
3484
3269
3239
3015
2966
2843
2702
2641
2517
2430
2292
2212
2119
2052
1997
1844
1757
1723
1622
1563
1500
1394
1335
1320
1346
1240
1199
1181
1129
1002
1023
927
971
895
857
758
872
801
775
686
667
638
622
561
602
541
537
502
483
493
477
434
379
440
357
371
325
332
314
330
305
287
273
274
250
221
224
206
205
186
176
177
163
166
177
174
144
120
127
129
119
129
123
134
105
119
98
90
117
103
88
96
82
90
73
66
77
60
72
66
69
69
56
55
42
42
49
50
40
45
47
30
44
33
26
25
29
31
31
27
22
24
23
20
22
20
20
18
15
14
17
19
11
8
17
15
17
12
11
10
4
14
11
13
8
11
9
8
11
6
9
12
9
8
8
5
6
3
7
6
2
6
9
8
6
2
2
4
3
1
2
3
5
4
2
2
2
2
2
1
2
0
3
0
3
4
1
4
5
1
4
3
5
1
1
0
0
0
0
0
1
0
0
1
1
2
0
0
0
0
0
0
1
0
0
0
0
0
0
0
0
1
2
2
1
1
0
0
2
0
0
0
1
0
0
0
0
0
0
0
1
1
0
0
0
1
0
0
0
0
0
0
0
0
0
0
0
0
0
0
0
0
0
0
0
0
0
0
0
0
0
0
1
0
0
0
0
0
0
0
0
0
0
0
0
0
0
0
0
0
0
0
0
0
0
0
0
0
0
0
0
0
0
1
0
0
0
0
0
0
0
0
0
0
0
0
0
0
0
0
0
0
0
0
0
0
0
0
0
0
0
0
0
0
0
0
0
0
0
0
0
0
0
0
0
0
0
0
0
0
0
0
0
0
0
0
0
0
0
0
0
0
0
0
0
0
0
0
0
0
0
0
0
0
0
0
0
0
0
0
0
0
0
0
0
0
0
0
0
0
0
0
0
0
0
0
0
0
0
0
0
0
0
0
0
0
0
0
0
0
0
0
0
0
0
0
0
0
0
0
0
0
0
0
0
0
0
0
0
0
0
0
0
0
0
0
0
0
0
0
0
0
0
0
0
0
0
0
0
0
0
0
0
0
0
0
0
0
0
0
0
0
0
0
0
0
0
0
0
0
0
0
0
0
0
0
0
0
0
0
0
0
0
0
0
0
0
0
0
0
0
0
0
0
0
0
0
0
0
0
0
0
0
0
0
0
0
0
0
0
0
0
0
0
0
0
0
0
0
0
0
0
0
0
0
0
0
0
0
0
0
0
0
0
0
0
0
0
0
0
0
0
0
0
0
0
0
0
0
0
0
0
0
0
0
0
0
0
0
0
0
0
0
0
0
0
0
0
0
0
0
0
0
0
0
0
0
0
0
0
0
0
0
0
0
0
0
0
0
0
0
0
0
0
0
0
0
0
0
0
0
0
0
0
0
0
0
0
0
0
0
0
0
0
0
0
0
0
0
0
0
0
0
0
0
0
0
0
0
0
0
0
0
0
0
0
0
0
0
0
0
0
0
0
0
0
0
0
0
0
0
0
0
0
0
0
0
0
0
0
0
0
0
0
0
0
0
0
0
0
0
0
0
0
0
0
0
0
0
0
0
0
0
0
0
0
0
0
0
0
0
0
0
0
0
0
0
0
0
0
0
0
0
0
0
0
0
0
0
0
0
0
0
0
0
0
0
0
0
0
0
0
0
0
0
0
0
0
0
0
0
0
0
0
0
0
0
0
0
0
0
0
0
0
0
0
0
0
0
0
0
0
0
0
0
0
0
0
0
0
0
0
0
0
0
0
0
0
0
0
0
0
0
0
0
0
0
0
0
0
0
0
0
0
0
0
0
0
0
0
0
0
0
0
0
0
0
0
0
0
0
0
0
0
0
0
0
0
0
0
0
0
0
0
0
0
0
0
0
0
0
0
0
0
0
0
0
0
0
0
0
0
0
0
0
0
0
0
0
0
0
0
0
0
0
0
0
0
0
0
0
0
0
0
0
0
0
0
0
0
0
0
0
0
0
0
0
0
