0
1667447
1945205
0
2267622
7254583
2191309
2554251
0
2378157
8556950
3819463
3251457
5692372
3953485
0
4214280
3486884
6026117
3895555
0
2937170
3425578
8543001
4134590
10556736
4932749
0
5265972
5576159
7779398
5686351
4871701
4862453
5676544
0
4815279
5980085
4367859
4281481
4190050
7539083
5190550
11002355
6092428
6385505
0
6040310
0
4920971
0
2887622
5531754
3229418
2762671
0
2403406
2800444
2789240
4952614
2617698
0
2599138
0
2158451
2055309
5477070
2048595
2389084
2355988
0
2388479
6533430
2618532
6724465
3434475
3619386
7491034
5074906
0
4389806
3999710
4093228
9929698
4581926
4498644
0
4517748
4602933
4685756
6563741
4143315
0
4082596
0
3243673
3279875
0
2588791
10000000
1054452902
39
0
0
0
0
0
